  0.00   0.00   0.00   0.00   0.00   0.00   0.00   0.00   0.00   0.00   0.00
  0.00   0.00   0.00   0.00   0.00   0.00   0.00   0.00   0.00   0.00   0.00
  0.00   0.00   0.00   0.00   0.00   0.00   0.00   0.00   0.00   0.00   0.01
  0.00   0.00   0.00   0.00   0.00   0.00   0.00   0.00   0.00   0.00   0.01
  0.00   0.00   0.00   0.00   0.00   0.00   0.00   0.00   0.00   0.00   0.02
  0.01   0.00   0.00   0.00   0.00   0.00   0.00   0.00   0.00   0.00   0.02
  0.01   0.00   0.00   0.00   0.00   0.00   0.00   0.00   0.00   0.00   0.03
  0.01   0.00   0.00   0.00   0.00   0.00   0.00   0.00   0.00   0.00   0.03
  0.01   0.00   0.00   0.00   0.00   0.00   0.00   0.00   0.00   0.00   0.04
  0.01   0.00   0.00   0.00   0.00   0.00   0.00   0.00   0.00   0.00   0.04
  0.01   0.00   0.00   0.00   0.00   0.00   0.00   0.00   0.00   0.00   0.04
  0.01   0.00   0.00   0.00   0.00   0.00   0.00   0.00   0.00   0.00   0.04
  0.01   0.00   0.00   0.00   0.00   0.00   0.00   0.00   0.00   0.00   0.05
  0.01   0.00   0.00   0.00   0.00   0.00   0.00   0.00   0.00   0.00   0.05
  0.01   0.00   0.00   0.00   0.00   0.00   0.00   0.00   0.00   0.00   0.05
  0.01   0.00   0.00   0.00   0.00   0.00   0.00   0.00   0.00   0.00   0.05
  0.02   0.00   0.00   0.00   0.00   0.00   0.00   0.00   0.00   0.00   0.05
  0.02   0.00   0.00   0.00   0.00   0.00   0.00   0.00   0.00   0.00   0.05
  0.02   0.00   0.00   0.00   0.00   0.00   0.00   0.00   0.00   0.00   0.05
  0.02   0.00   0.00   0.00   0.00   0.00   0.00   0.00   0.00   0.00   0.05
  0.02   0.00   0.00   0.00   0.00   0.00   0.00   0.00   0.00   0.00   0.05
  0.02   0.00   0.00   0.00   0.00   0.00   0.00   0.00   0.00   0.00   0.04
  0.02   0.00   0.00   0.00   0.00   0.00   0.00   0.00   0.00   0.00   0.04
  0.02   0.00   0.00   0.00   0.00   0.00   0.00   0.00   0.00   0.00   0.04
  0.02   0.00   0.00   0.00   0.00   0.00   0.00   0.00   0.00   0.00   0.03
  0.03   0.00   0.00   0.00   0.00   0.00   0.00   0.00   0.00   0.00   0.03
  0.03   0.00   0.00   0.00   0.00   0.00   0.00   0.00   0.00   0.00   0.03
  0.03   0.00   0.00   0.00   0.00   0.00   0.00   0.00   0.00   0.00   0.02
  0.03   0.00   0.00   0.00   0.00   0.00   0.00   0.00   0.00   0.00   0.02
  0.03   0.00   0.00   0.00   0.00   0.00   0.00   0.00   0.00   0.00   0.01
  0.03   0.00   0.00   0.00   0.00   0.00   0.00   0.00   0.00   0.00   0.01
  0.03   0.00   0.00   0.00   0.00   0.00   0.00   0.00   0.00   0.00   0.00
  0.03   0.00   0.00   0.00   0.00   0.00   0.00   0.00   0.00   0.00  -0.00
  0.03   0.00   0.00   0.00   0.00   0.00   0.00   0.00   0.00   0.00  -0.01
  0.03   0.00   0.00   0.00   0.00   0.00   0.00   0.00   0.00   0.00  -0.01
  0.04   0.00   0.00   0.00   0.00   0.00   0.00   0.00   0.00   0.00  -0.02
  0.04   0.00   0.00   0.00   0.00   0.00   0.00   0.00   0.00   0.00  -0.02
  0.04   0.00   0.00   0.00   0.00   0.00   0.00   0.00   0.00   0.00  -0.03
  0.04   0.00   0.00   0.00   0.00   0.00   0.00   0.00   0.00   0.00  -0.03
  0.04   0.00   0.00   0.00   0.00   0.00   0.00   0.00   0.00   0.00  -0.03
  0.04   0.00   0.00   0.00   0.00   0.00   0.00   0.00   0.00   0.00  -0.04
  0.04   0.00   0.00   0.00   0.00   0.00   0.00   0.00   0.00   0.00  -0.04
  0.04   0.00   0.00   0.00   0.00   0.00   0.00   0.00   0.00   0.00  -0.04
  0.04   0.00   0.00   0.00   0.00   0.00   0.00   0.00   0.00   0.00  -0.05
  0.04   0.00   0.00   0.00   0.00   0.00   0.00   0.00   0.00   0.00  -0.05
  0.04   0.00   0.00   0.00   0.00   0.00   0.00   0.00   0.00   0.00  -0.05
  0.05   0.00   0.00   0.00   0.00   0.00   0.00   0.00   0.00   0.00  -0.05
  0.05   0.00   0.00   0.00   0.00   0.00   0.00   0.00   0.00   0.00  -0.05
  0.05   0.00   0.00   0.00   0.00   0.00   0.00   0.00   0.00   0.00  -0.05
  0.05   0.00   0.00   0.00   0.00   0.00   0.00   0.00   0.00   0.00  -0.05
  0.05   0.00   0.00   0.00   0.00   0.00   0.00   0.00   0.00   0.00  -0.05
  0.05   0.00   0.00   0.00   0.00   0.00   0.00   0.00   0.00   0.00  -0.05
  0.05   0.00   0.00   0.00   0.00   0.00   0.00   0.00   0.00   0.00  -0.04
  0.05   0.00   0.00   0.00   0.00   0.00   0.00   0.00   0.00   0.00  -0.04
  0.05   0.00   0.00   0.00   0.00   0.00   0.00   0.00   0.00   0.00  -0.04
  0.06   0.00   0.00   0.00   0.00   0.00   0.00   0.00   0.00   0.00  -0.04
  0.06   0.00   0.00   0.00   0.00   0.00   0.00   0.00   0.00   0.00  -0.03
  0.06   0.00   0.00   0.00   0.00   0.00   0.00   0.00   0.00   0.00  -0.03
  0.06   0.00   0.00   0.00   0.00   0.00   0.00   0.00   0.00   0.00  -0.02
  0.06   0.00   0.00   0.00   0.00   0.00   0.00   0.00   0.00   0.00  -0.02
  0.06   0.00   0.00   0.00   0.00   0.00   0.00   0.00   0.00   0.00  -0.01
  0.06   0.00   0.00   0.00   0.00   0.00   0.00   0.00   0.00   0.00  -0.01
  0.06   0.00   0.00   0.00   0.00   0.00   0.00   0.00   0.00   0.00  -0.00
  0.06   0.00   0.00   0.00   0.00   0.00   0.00   0.00   0.00   0.00   0.00
  0.06   0.00   0.00   0.00   0.00   0.00   0.00   0.00   0.00   0.00   0.01
  0.07   0.00   0.00   0.00   0.00   0.00   0.00   0.00   0.00   0.00   0.01
  0.07   0.00   0.00   0.00   0.00   0.00   0.00   0.00   0.00   0.00   0.02
  0.07   0.00   0.00   0.00   0.00   0.00   0.00   0.00   0.00   0.00   0.02
  0.07   0.00   0.00   0.00   0.00   0.00   0.00   0.00   0.00   0.00   0.02
  0.07   0.00   0.00   0.00   0.00   0.00   0.00   0.00   0.00   0.00   0.03
  0.07   0.00   0.00   0.00   0.00   0.00   0.00   0.00   0.00   0.00   0.03
  0.07   0.00   0.00   0.00   0.00   0.00   0.00   0.00   0.00   0.00   0.04
  0.07   0.00   0.00   0.00   0.00   0.00   0.00   0.00   0.00   0.00   0.04
  0.07   0.00   0.00   0.00   0.00   0.00   0.00   0.00   0.00   0.00   0.04
  0.07   0.00   0.00   0.00   0.00   0.00   0.00   0.00   0.00   0.00   0.04
  0.07   0.00   0.00   0.00   0.00   0.00   0.00   0.00   0.00   0.00   0.05
  0.08   0.00   0.00   0.00   0.00   0.00   0.00   0.00   0.00   0.00   0.05
  0.08   0.00   0.00   0.00   0.00   0.00   0.00   0.00   0.00   0.00   0.05
  0.08   0.00   0.00   0.00   0.00   0.00   0.00   0.00   0.00   0.00   0.05
  0.08   0.00   0.00   0.00   0.00   0.00   0.00   0.00   0.00   0.00   0.05
  0.08   0.00   0.00   0.00   0.00   0.00   0.00   0.00   0.00   0.00   0.05
  0.08   0.00   0.00   0.00   0.00   0.00   0.00   0.00   0.00   0.00   0.05
  0.08   0.00   0.00   0.00   0.00   0.00   0.00   0.00   0.00   0.00   0.05
  0.08   0.00   0.00   0.00   0.00   0.00   0.00   0.00   0.00   0.00   0.05
  0.08   0.00   0.00   0.00   0.00   0.00   0.00   0.00   0.00   0.00   0.04
  0.09   0.00   0.00   0.00   0.00   0.00   0.00   0.00   0.00   0.00   0.04
  0.09   0.00   0.00   0.00   0.00   0.00   0.00   0.00   0.00   0.00   0.04
  0.09   0.00   0.00   0.00   0.00   0.00   0.00   0.00   0.00   0.00   0.03
  0.09   0.00   0.00   0.00   0.00   0.00   0.00   0.00   0.00   0.00   0.03
  0.09   0.00   0.00   0.00   0.00   0.00   0.00   0.00   0.00   0.00   0.03
  0.09   0.00   0.00   0.00   0.00   0.00   0.00   0.00   0.00   0.00   0.02
  0.09   0.00   0.00   0.00   0.00   0.00   0.00   0.00   0.00   0.00   0.02
  0.09   0.00   0.00   0.00   0.00   0.00   0.00   0.00   0.00   0.00   0.01
  0.09   0.00   0.00   0.00   0.00   0.00   0.00   0.00   0.00   0.00   0.01
  0.09   0.00   0.00   0.00   0.00   0.00   0.00   0.00   0.00   0.00   0.00
  0.10   0.00   0.00   0.00   0.00   0.00   0.00   0.00   0.00   0.00  -0.00
  0.10   0.00   0.00   0.00   0.00   0.00   0.00   0.00   0.00   0.00  -0.01
  0.10   0.00   0.00   0.00   0.00   0.00   0.00   0.00   0.00   0.00  -0.01
  0.10   0.00   0.00   0.00   0.00   0.00   0.00   0.00   0.00   0.00  -0.02
  0.10   0.00   0.00   0.00   0.00   0.00   0.00   0.00   0.00   0.00  -0.02
  0.10   0.00   0.00   0.00   0.00   0.00   0.00   0.00   0.00   0.00  -0.03
  0.10   0.00   0.00   0.00   0.00   0.00   0.00   0.00   0.00   0.00  -0.03
  0.10   0.00   0.00   0.00   0.00   0.00   0.00   0.00   0.00   0.00  -0.03
  0.10   0.00   0.00   0.00   0.00   0.00   0.00   0.00   0.00   0.00  -0.04
  0.10   0.00   0.00   0.00   0.00   0.00   0.00   0.00   0.00   0.00  -0.04
  0.11   0.00   0.00   0.00   0.00   0.00   0.00   0.00   0.00   0.00  -0.04
  0.11   0.00   0.00   0.00   0.00   0.00   0.00   0.00   0.00   0.00  -0.05
  0.11   0.00   0.00   0.00   0.00   0.00   0.00   0.00   0.00   0.00  -0.05
  0.11   0.00   0.00   0.00   0.00   0.00   0.00   0.00   0.00   0.00  -0.05
  0.11   0.00   0.00   0.00   0.00   0.00   0.00   0.00   0.00   0.00  -0.05
  0.11   0.00   0.00   0.00   0.00   0.00   0.00   0.00   0.00   0.00  -0.05
  0.11   0.00   0.00   0.00   0.00   0.00   0.00   0.00   0.00   0.00  -0.05
  0.11   0.00   0.00   0.00   0.00   0.00   0.00   0.00   0.00   0.00  -0.05
  0.11   0.00   0.00   0.00   0.00   0.00   0.00   0.00   0.00   0.00  -0.05
  0.11   0.00   0.00   0.00   0.00   0.00   0.00   0.00   0.00   0.00  -0.05
  0.12   0.00   0.00   0.00   0.00   0.00   0.00   0.00   0.00   0.00  -0.04
  0.12   0.00   0.00   0.00   0.00   0.00   0.00   0.00   0.00   0.00  -0.04
  0.12   0.00   0.00   0.00   0.00   0.00   0.00   0.00   0.00   0.00  -0.04
  0.12   0.00   0.00   0.00   0.00   0.00   0.00   0.00   0.00   0.00  -0.03
  0.12   0.00   0.00   0.00   0.00   0.00   0.00   0.00   0.00   0.00  -0.03
  0.12   0.00   0.00   0.00   0.00   0.00   0.00   0.00   0.00   0.00  -0.03
  0.12   0.00   0.00   0.00   0.00   0.00   0.00   0.00   0.00   0.00  -0.02
  0.12   0.00   0.00   0.00   0.00   0.00   0.00   0.00   0.00   0.00  -0.02
  0.12   0.00   0.00   0.00   0.00   0.00   0.00   0.00   0.00   0.00  -0.01
  0.12   0.00   0.00   0.00   0.00   0.00   0.00   0.00   0.00   0.00  -0.01
  0.13   0.00   0.00   0.00   0.00   0.00   0.00   0.00   0.00   0.00  -0.00
  0.13   0.00   0.00   0.00   0.00   0.00   0.00   0.00   0.00   0.00   0.00
  0.13   0.00   0.00   0.00   0.00   0.00   0.00   0.00   0.00   0.00   0.01
  0.13   0.00   0.00   0.00   0.00   0.00   0.00   0.00   0.00   0.00   0.01
  0.13   0.00   0.00   0.00   0.00   0.00   0.00   0.00   0.00   0.00   0.02
  0.13   0.00   0.00   0.00   0.00   0.00   0.00   0.00   0.00   0.00   0.02
  0.13   0.00   0.00   0.00   0.00   0.00   0.00   0.00   0.00   0.00   0.03
  0.13   0.00   0.00   0.00   0.00   0.00   0.00   0.00   0.00   0.00   0.03
  0.13   0.00   0.00   0.00   0.00   0.00   0.00   0.00   0.00   0.00   0.03
  0.13   0.00   0.00   0.00   0.00   0.00   0.00   0.00   0.00   0.00   0.04
  0.14   0.00   0.00   0.00   0.00   0.00   0.00   0.00   0.00   0.00   0.04
  0.14   0.00   0.00   0.00   0.00   0.00   0.00   0.00   0.00   0.00   0.04
  0.14   0.00   0.00   0.00   0.00   0.00   0.00   0.00   0.00   0.00   0.05
  0.14   0.00   0.00   0.00   0.00   0.00   0.00   0.00   0.00   0.00   0.05
  0.14   0.00   0.00   0.00   0.00   0.00   0.00   0.00   0.00   0.00   0.05
  0.14   0.00   0.00   0.00   0.00   0.00   0.00   0.00   0.00   0.00   0.05
  0.14   0.00   0.00   0.00   0.00   0.00   0.00   0.00   0.00   0.00   0.05
  0.14   0.00   0.00   0.00   0.00   0.00   0.00   0.00   0.00   0.00   0.05
  0.14   0.00   0.00   0.00   0.00   0.00   0.00   0.00   0.00   0.00   0.05
  0.14   0.00   0.00   0.00   0.00   0.00   0.00   0.00   0.00   0.00   0.05
  0.14   0.00   0.00   0.00   0.00   0.00   0.00   0.00   0.00   0.00   0.05
  0.15   0.00   0.00   0.00   0.00   0.00   0.00   0.00   0.00   0.00   0.04
  0.15   0.00   0.00   0.00   0.00   0.00   0.00   0.00   0.00   0.00   0.04
  0.15   0.00   0.00   0.00   0.00   0.00   0.00   0.00   0.00   0.00   0.04
  0.15   0.00   0.00   0.00   0.00   0.00   0.00   0.00   0.00   0.00   0.04
  0.15   0.00   0.00   0.00   0.00   0.00   0.00   0.00   0.00   0.00   0.03
  0.15   0.00   0.00   0.00   0.00   0.00   0.00   0.00   0.00   0.00   0.03
  0.15   0.00   0.00   0.00   0.00   0.00   0.00   0.00   0.00   0.00   0.02
  0.15   0.00   0.00   0.00   0.00   0.00   0.00   0.00   0.00   0.00   0.02
  0.15   0.00   0.00   0.00   0.00   0.00   0.00   0.00   0.00   0.00   0.02
  0.16   0.00   0.00   0.00   0.00   0.00   0.00   0.00   0.00   0.00   0.01
  0.16   0.00   0.00   0.00   0.00   0.00   0.00   0.00   0.00   0.00   0.01
  0.16   0.00   0.00   0.00   0.00   0.00   0.00   0.00   0.00   0.00   0.00
  0.16   0.00   0.00   0.00   0.00   0.00   0.00   0.00   0.00   0.00  -0.00
  0.16   0.00   0.00   0.00   0.00   0.00   0.00   0.00   0.00   0.00  -0.01
  0.16   0.00   0.00   0.00   0.00   0.00   0.00   0.00   0.00   0.00  -0.01
  0.16   0.00   0.00   0.00   0.00   0.00   0.00   0.00   0.00   0.00  -0.02
  0.16   0.00   0.00   0.00   0.00   0.00   0.00   0.00   0.00   0.00  -0.02
  0.16   0.00   0.00   0.00   0.00   0.00   0.00   0.00   0.00   0.00  -0.03
  0.16   0.00   0.00   0.00   0.00   0.00   0.00   0.00   0.00   0.00  -0.03
  0.17   0.00   0.00   0.00   0.00   0.00   0.00   0.00   0.00   0.00  -0.04
  0.17   0.00   0.00   0.00   0.00   0.00   0.00   0.00   0.00   0.00  -0.04
  0.17   0.00   0.00   0.00   0.00   0.00   0.00   0.00   0.00   0.00  -0.04
  0.17   0.00   0.00   0.00   0.00   0.00   0.00   0.00   0.00   0.00  -0.04
  0.17   0.00   0.00   0.00   0.00   0.00   0.00   0.00   0.00   0.00  -0.05
  0.17   0.00   0.00   0.00   0.00   0.00   0.00   0.00   0.00   0.00  -0.05
  0.17   0.00   0.00   0.00   0.00   0.00   0.00   0.00   0.00   0.00  -0.05
  0.17   0.00   0.00   0.00   0.00   0.00   0.00   0.00   0.00   0.00  -0.05
  0.17   0.00   0.00   0.00   0.00   0.00   0.00   0.00   0.00   0.00  -0.05
  0.17   0.00   0.00   0.00   0.00   0.00   0.00   0.00   0.00   0.00  -0.05
  0.18   0.00   0.00   0.00   0.00   0.00   0.00   0.00   0.00   0.00  -0.05
  0.18   0.00   0.00   0.00   0.00   0.00   0.00   0.00   0.00   0.00  -0.05
  0.18   0.00   0.00   0.00   0.00   0.00   0.00   0.00   0.00   0.00  -0.05
  0.18   0.00   0.00   0.00   0.00   0.00   0.00   0.00   0.00   0.00  -0.04
  0.18   0.00   0.00   0.00   0.00   0.00   0.00   0.00   0.00   0.00  -0.04
  0.18   0.00   0.00   0.00   0.00   0.00   0.00   0.00   0.00   0.00  -0.04
  0.18   0.00   0.00   0.00   0.00   0.00   0.00   0.00   0.00   0.00  -0.03
  0.18   0.00   0.00   0.00   0.00   0.00   0.00   0.00   0.00   0.00  -0.03
  0.18   0.00   0.00   0.00   0.00   0.00   0.00   0.00   0.00   0.00  -0.03
  0.18   0.00   0.00   0.00   0.00   0.00   0.00   0.00   0.00   0.00  -0.02
  0.19   0.00   0.00   0.00   0.00   0.00   0.00   0.00   0.00   0.00  -0.02
  0.19   0.00   0.00   0.00   0.00   0.00   0.00   0.00   0.00   0.00  -0.01
  0.19   0.00   0.00   0.00   0.00   0.00   0.00   0.00   0.00   0.00  -0.01
  0.19   0.00   0.00   0.00   0.00   0.00   0.00   0.00   0.00   0.00  -0.00
  0.19   0.00   0.00   0.00   0.00   0.00   0.00   0.00   0.00   0.00   0.00
  0.19   0.00   0.00   0.00   0.00   0.00   0.00   0.00   0.00   0.00   0.01
  0.19   0.00   0.00   0.00   0.00   0.00   0.00   0.00   0.00   0.00   0.01
  0.19   0.00   0.00   0.00   0.00   0.00   0.00   0.00   0.00   0.00   0.02
  0.19   0.00   0.00   0.00   0.00   0.00   0.00   0.00   0.00   0.00   0.02
  0.19   0.00   0.00   0.00   0.00   0.00   0.00   0.00   0.00   0.00   0.03
  0.20   0.00   0.00   0.00   0.00   0.00   0.00   0.00   0.00   0.00   0.03
  0.20   0.00   0.00   0.00   0.00   0.00   0.00   0.00   0.00   0.00   0.03
  0.20   0.00   0.00   0.00   0.00   0.00   0.00   0.00   0.00   0.00   0.04
  0.20   0.00   0.00   0.00   0.00   0.00   0.00   0.00   0.00   0.00   0.04
  0.20   0.00   0.00   0.00   0.00   0.00   0.00   0.00   0.00   0.00   0.04
  0.20   0.00   0.00   0.00   0.00   0.00   0.00   0.00   0.00   0.00   0.05
  0.20   0.00   0.00   0.00   0.00   0.00   0.00   0.00   0.00   0.00   0.05
  0.20   0.00   0.00   0.00   0.00   0.00   0.00   0.00   0.00   0.00   0.05
  0.20   0.00   0.00   0.00   0.00   0.00   0.00   0.00   0.00   0.00   0.05
  0.20   0.00   0.00   0.00   0.00   0.00   0.00   0.00   0.00   0.00   0.05
  0.21   0.00   0.00   0.00   0.00   0.00   0.00   0.00   0.00   0.00   0.05
  0.21   0.00   0.00   0.00   0.00   0.00   0.00   0.00   0.00   0.00   0.05
  0.21   0.00   0.00   0.00   0.00   0.00   0.00   0.00   0.00   0.00   0.05
  0.21   0.00   0.00   0.00   0.00   0.00   0.00   0.00   0.00   0.00   0.05
  0.21   0.00   0.00   0.00   0.00   0.00   0.00   0.00   0.00   0.00   0.04
  0.21   0.00   0.00   0.00   0.00   0.00   0.00   0.00   0.00   0.00   0.04
  0.21   0.00   0.00   0.00   0.00   0.00   0.00   0.00   0.00   0.00   0.04
  0.21   0.00   0.00   0.00   0.00   0.00   0.00   0.00   0.00   0.00   0.04
  0.21   0.00   0.00   0.00   0.00   0.00   0.00   0.00   0.00   0.00   0.03
  0.21   0.00   0.00   0.00   0.00   0.00   0.00   0.00   0.00   0.00   0.03
  0.22   0.00   0.00   0.00   0.00   0.00   0.00   0.00   0.00   0.00   0.02
  0.22   0.00   0.00   0.00   0.00   0.00   0.00   0.00   0.00   0.00   0.02
  0.22   0.00   0.00   0.00   0.00   0.00   0.00   0.00   0.00   0.00   0.01
  0.22   0.00   0.00   0.00   0.00   0.00   0.00   0.00   0.00   0.00   0.01
  0.22   0.00   0.00   0.00   0.00   0.00   0.00   0.00   0.00   0.00   0.00
  0.22   0.00   0.00   0.00   0.00   0.00   0.00   0.00   0.00   0.00  -0.00
  0.22   0.00   0.00   0.00   0.00   0.00   0.00   0.00   0.00   0.00  -0.01
  0.22   0.00   0.00   0.00   0.00   0.00   0.00   0.00   0.00   0.00  -0.01
  0.22   0.00   0.00   0.00   0.00   0.00   0.00   0.00   0.00   0.00  -0.02
  0.22   0.00   0.00   0.00   0.00   0.00   0.00   0.00   0.00   0.00  -0.02
  0.23   0.00   0.00   0.00   0.00   0.00   0.00   0.00   0.00   0.00  -0.02
  0.23   0.00   0.00   0.00   0.00   0.00   0.00   0.00   0.00   0.00  -0.03
  0.23   0.00   0.00   0.00   0.00   0.00   0.00   0.00   0.00   0.00  -0.03
  0.23   0.00   0.00   0.00   0.00   0.00   0.00   0.00   0.00   0.00  -0.04
  0.23   0.00   0.00   0.00   0.00   0.00   0.00   0.00   0.00   0.00  -0.04
  0.23   0.00   0.00   0.00   0.00   0.00   0.00   0.00   0.00   0.00  -0.04
  0.23   0.00   0.00   0.00   0.00   0.00   0.00   0.00   0.00   0.00  -0.04
  0.23   0.00   0.00   0.00   0.00   0.00   0.00   0.00   0.00   0.00  -0.05
  0.23   0.00   0.00   0.00   0.00   0.00   0.00   0.00   0.00   0.00  -0.05
  0.23   0.00   0.00   0.00   0.00   0.00   0.00   0.00   0.00   0.00  -0.05
  0.24   0.00   0.00   0.00   0.00   0.00   0.00   0.00   0.00   0.00  -0.05
  0.24   0.00   0.00   0.00   0.00   0.00   0.00   0.00   0.00   0.00  -0.05
  0.24   0.00   0.00   0.00   0.00   0.00   0.00   0.00   0.00   0.00  -0.05
  0.24   0.00   0.00   0.00   0.00   0.00   0.00   0.00   0.00   0.00  -0.05
  0.24   0.00   0.00   0.00   0.00   0.00   0.00   0.00   0.00   0.00  -0.05
  0.24   0.00   0.00   0.00   0.00   0.00   0.00   0.00   0.00   0.00  -0.05
  0.24   0.00   0.00   0.00   0.00   0.00   0.00   0.00   0.00   0.00  -0.04
  0.24   0.00   0.00   0.00   0.00   0.00   0.00   0.00   0.00   0.00  -0.04
  0.24   0.00   0.00   0.00   0.00   0.00   0.00   0.00   0.00   0.00  -0.04
  0.24   0.00   0.00   0.00   0.00   0.00   0.00   0.00   0.00   0.00  -0.03
  0.25   0.00   0.00   0.00   0.00   0.00   0.00   0.00   0.00   0.00  -0.03
  0.25   0.00   0.00   0.00   0.00   0.00   0.00   0.00   0.00   0.00  -0.03
  0.25   0.00   0.00   0.00   0.00   0.00   0.00   0.00   0.00   0.00  -0.02
  0.25   0.00   0.00   0.00   0.00   0.00   0.00   0.00   0.00   0.00  -0.02
  0.25   0.00   0.00   0.00   0.00   0.00   0.00   0.00   0.00   0.00  -0.01
  0.25   0.00   0.00   0.00   0.00   0.00   0.00   0.00   0.00   0.00  -0.01
  0.25   0.00   0.00   0.00   0.00   0.00   0.00   0.00   0.00   0.00  -0.00
  0.25   0.00   0.00   0.00   0.00   0.00   0.00   0.00   0.00   0.00   0.00
  0.25   0.00   0.00   0.00   0.00   0.00   0.00   0.00   0.00   0.00   0.01
  0.25   0.00   0.00   0.00   0.00   0.00   0.00   0.00   0.00   0.00   0.01
  0.26   0.00   0.00   0.00   0.00   0.00   0.00   0.00   0.00   0.00   0.02
  0.26   0.00   0.00   0.00   0.00   0.00   0.00   0.00   0.00   0.00   0.02
  0.26   0.00   0.00   0.00   0.00   0.00   0.00   0.00   0.00   0.00   0.03
  0.26   0.00   0.00   0.00   0.00   0.00   0.00   0.00   0.00   0.00   0.03
  0.26   0.00   0.00   0.00   0.00   0.00   0.00   0.00   0.00   0.00   0.03
  0.26   0.00   0.00   0.00   0.00   0.00   0.00   0.00   0.00   0.00   0.04
  0.26   0.00   0.00   0.00   0.00   0.00   0.00   0.00   0.00   0.00   0.04
  0.26   0.00   0.00   0.00   0.00   0.00   0.00   0.00   0.00   0.00   0.04
  0.26   0.00   0.00   0.00   0.00   0.00   0.00   0.00   0.00   0.00   0.05
  0.26   0.00   0.00   0.00   0.00   0.00   0.00   0.00   0.00   0.00   0.05
  0.27   0.00   0.00   0.00   0.00   0.00   0.00   0.00   0.00   0.00   0.05
  0.27   0.00   0.00   0.00   0.00   0.00   0.00   0.00   0.00   0.00   0.05
  0.27   0.00   0.00   0.00   0.00   0.00   0.00   0.00   0.00   0.00   0.05
  0.27   0.00   0.00   0.00   0.00   0.00   0.00   0.00   0.00   0.00   0.05
  0.27   0.00   0.00   0.00   0.00   0.00   0.00   0.00   0.00   0.00   0.05
  0.27   0.00   0.00   0.00   0.00   0.00   0.00   0.00   0.00   0.00   0.05
  0.27   0.00   0.00   0.00   0.00   0.00   0.00   0.00   0.00   0.00   0.05
  0.27   0.00   0.00   0.00   0.00   0.00   0.00   0.00   0.00   0.00   0.04
  0.27   0.00   0.00   0.00   0.00   0.00   0.00   0.00   0.00   0.00   0.04
  0.27   0.00   0.00   0.00   0.00   0.00   0.00   0.00   0.00   0.00   0.04
  0.28   0.00   0.00   0.00   0.00   0.00   0.00   0.00   0.00   0.00   0.03
  0.28   0.00   0.00   0.00   0.00   0.00   0.00   0.00   0.00   0.00   0.03
  0.28   0.00   0.00   0.00   0.00   0.00   0.00   0.00   0.00   0.00   0.03
  0.28   0.00   0.00   0.00   0.00   0.00   0.00   0.00   0.00   0.00   0.02
  0.28   0.00   0.00   0.00   0.00   0.00   0.00   0.00   0.00   0.00   0.02
  0.28   0.00   0.00   0.00   0.00   0.00   0.00   0.00   0.00   0.00   0.01
  0.28   0.00   0.00   0.00   0.00   0.00   0.00   0.00   0.00   0.00   0.01
  0.28   0.00   0.00   0.00   0.00   0.00   0.00   0.00   0.00   0.00   0.00
  0.28   0.00   0.00   0.00   0.00   0.00   0.00   0.00   0.00   0.00  -0.00
  0.28   0.00   0.00   0.00   0.00   0.00   0.00   0.00   0.00   0.00  -0.01
  0.29   0.00   0.00   0.00   0.00   0.00   0.00   0.00   0.00   0.00  -0.01
  0.29   0.00   0.00   0.00   0.00   0.00   0.00   0.00   0.00   0.00  -0.02
  0.29   0.00   0.00   0.00   0.00   0.00   0.00   0.00   0.00   0.00  -0.02
  0.29   0.00   0.00   0.00   0.00   0.00   0.00   0.00   0.00   0.00  -0.03
  0.29   0.00   0.00   0.00   0.00   0.00   0.00   0.00   0.00   0.00  -0.03
  0.29   0.00   0.00   0.00   0.00   0.00   0.00   0.00   0.00   0.00  -0.03
  0.29   0.00   0.00   0.00   0.00   0.00   0.00   0.00   0.00   0.00  -0.04
  0.29   0.00   0.00   0.00   0.00   0.00   0.00   0.00   0.00   0.00  -0.04
  0.29   0.00   0.00   0.00   0.00   0.00   0.00   0.00   0.00   0.00  -0.04
  0.29   0.00   0.00   0.00   0.00   0.00   0.00   0.00   0.00   0.00  -0.05
  0.29   0.00   0.00   0.00   0.00   0.00   0.00   0.00   0.00   0.00  -0.05
  0.30   0.00   0.00   0.00   0.00   0.00   0.00   0.00   0.00   0.00  -0.05
  0.30   0.00   0.00   0.00   0.00   0.00   0.00   0.00   0.00   0.00  -0.05
  0.30   0.00   0.00   0.00   0.00   0.00   0.00   0.00   0.00   0.00  -0.05
  0.30   0.00   0.00   0.00   0.00   0.00   0.00   0.00   0.00   0.00  -0.05
  0.30   0.00   0.00   0.00   0.00   0.00   0.00   0.00   0.00   0.00  -0.05
  0.30   0.00   0.00   0.00   0.00   0.00   0.00   0.00   0.00   0.00  -0.05
  0.30   0.00   0.00   0.00   0.00   0.00   0.00   0.00   0.00   0.00  -0.05
  0.30   0.00   0.00   0.00   0.00   0.00   0.00   0.00   0.00   0.00  -0.04
  0.30   0.00   0.00   0.00   0.00   0.00   0.00   0.00   0.00   0.00  -0.04
  0.30   0.00   0.00   0.00   0.00   0.00   0.00   0.00   0.00   0.00  -0.04
  0.31   0.00   0.00   0.00   0.00   0.00   0.00   0.00   0.00   0.00  -0.04
  0.31   0.00   0.00   0.00   0.00   0.00   0.00   0.00   0.00   0.00  -0.03
  0.31   0.00   0.00   0.00   0.00   0.00   0.00   0.00   0.00   0.00  -0.03
  0.31   0.00   0.00   0.00   0.00   0.00   0.00   0.00   0.00   0.00  -0.02
  0.31   0.00   0.00   0.00   0.00   0.00   0.00   0.00   0.00   0.00  -0.02
  0.31   0.00   0.00   0.00   0.00   0.00   0.00   0.00   0.00   0.00  -0.02
  0.31   0.00   0.00   0.00   0.00   0.00   0.00   0.00   0.00   0.00  -0.01
  0.31   0.00   0.00   0.00   0.00   0.00   0.00   0.00   0.00   0.00  -0.01
  0.31   0.00   0.00   0.00   0.00   0.00   0.00   0.00   0.00   0.00  -0.00
  0.32   0.00   0.00   0.00   0.00   0.00   0.00   0.00   0.00   0.00   0.00
  0.32   0.00   0.00   0.00   0.00   0.00   0.00   0.00   0.00   0.00   0.01
  0.32   0.00   0.00   0.00   0.00   0.00   0.00   0.00   0.00   0.00   0.01
  0.32   0.00   0.00   0.00   0.00   0.00   0.00   0.00   0.00   0.00   0.02
  0.32   0.00   0.00   0.00   0.00   0.00   0.00   0.00   0.00   0.00   0.02
  0.32   0.00   0.00   0.00   0.00   0.00   0.00   0.00   0.00   0.00   0.03
  0.32   0.00   0.00   0.00   0.00   0.00   0.00   0.00   0.00   0.00   0.03
  0.32   0.00   0.00   0.00   0.00   0.00   0.00   0.00   0.00   0.00   0.04
  0.32   0.00   0.00   0.00   0.00   0.00   0.00   0.00   0.00   0.00   0.04
  0.32   0.00   0.00   0.00   0.00   0.00   0.00   0.00   0.00   0.00   0.04
  0.33   0.00   0.00   0.00   0.00   0.00   0.00   0.00   0.00   0.00   0.04
  0.33   0.00   0.00   0.00   0.00   0.00   0.00   0.00   0.00   0.00   0.05
  0.33   0.00   0.00   0.00   0.00   0.00   0.00   0.00   0.00   0.00   0.05
  0.33   0.00   0.00   0.00   0.00   0.00   0.00   0.00   0.00   0.00   0.05
  0.33   0.00   0.00   0.00   0.00   0.00   0.00   0.00   0.00   0.00   0.05
  0.33   0.00   0.00   0.00   0.00   0.00   0.00   0.00   0.00   0.00   0.05
  0.33   0.00   0.00   0.00   0.00   0.00   0.00   0.00   0.00   0.00   0.05
  0.33   0.00   0.00   0.00   0.00   0.00   0.00   0.00   0.00   0.00   0.05
  0.33   0.00   0.00   0.00   0.00   0.00   0.00   0.00   0.00   0.00   0.05
  0.33   0.00   0.00   0.00   0.00   0.00   0.00   0.00   0.00   0.00   0.05
  0.34   0.00   0.00   0.00   0.00   0.00   0.00   0.00   0.00   0.00   0.04
  0.34   0.00   0.00   0.00   0.00   0.00   0.00   0.00   0.00   0.00   0.04
  0.34   0.00   0.00   0.00   0.00   0.00   0.00   0.00   0.00   0.00   0.04
  0.34   0.00   0.00   0.00   0.00   0.00   0.00   0.00   0.00   0.00   0.03
  0.34   0.00   0.00   0.00   0.00   0.00   0.00   0.00   0.00   0.00   0.03
  0.34   0.00   0.00   0.00   0.00   0.00   0.00   0.00   0.00   0.00   0.03
  0.34   0.00   0.00   0.00   0.00   0.00   0.00   0.00   0.00   0.00   0.02
  0.34   0.00   0.00   0.00   0.00   0.00   0.00   0.00   0.00   0.00   0.02
  0.34   0.00   0.00   0.00   0.00   0.00   0.00   0.00   0.00   0.00   0.01
  0.34   0.00   0.00   0.00   0.00   0.00   0.00   0.00   0.00   0.00   0.01
  0.35   0.00   0.00   0.00   0.00   0.00   0.00   0.00   0.00   0.00   0.00
  0.35   0.00   0.00   0.00   0.00   0.00   0.00   0.00   0.00   0.00  -0.00
  0.35   0.00   0.00   0.00   0.00   0.00   0.00   0.00   0.00   0.00  -0.01
  0.35   0.00   0.00   0.00   0.00   0.00   0.00   0.00   0.00   0.00  -0.01
  0.35   0.00   0.00   0.00   0.00   0.00   0.00   0.00   0.00   0.00  -0.02
  0.35   0.00   0.00   0.00   0.00   0.00   0.00   0.00   0.00   0.00  -0.02
  0.35   0.00   0.00   0.00   0.00   0.00   0.00   0.00   0.00   0.00  -0.03
  0.35   0.00   0.00   0.00   0.00   0.00   0.00   0.00   0.00   0.00  -0.03
  0.35   0.00   0.00   0.00   0.00   0.00   0.00   0.00   0.00   0.00  -0.03
  0.35   0.00   0.00   0.00   0.00   0.00   0.00   0.00   0.00   0.00  -0.04
  0.35   0.00   0.00   0.00   0.00   0.00   0.00   0.00   0.00   0.00  -0.04
  0.36   0.00   0.00   0.00   0.00   0.00   0.00   0.00   0.00   0.00  -0.04
  0.36   0.00   0.00   0.00   0.00   0.00   0.00   0.00   0.00   0.00  -0.05
  0.36   0.00   0.00   0.00   0.00   0.00   0.00   0.00   0.00   0.00  -0.05
  0.36   0.00   0.00   0.00   0.00   0.00   0.00   0.00   0.00   0.00  -0.05
  0.36   0.00   0.00   0.00   0.00   0.00   0.00   0.00   0.00   0.00  -0.05
  0.36   0.00   0.00   0.00   0.00   0.00   0.00   0.00   0.00   0.00  -0.05
  0.36   0.00   0.00   0.00   0.00   0.00   0.00   0.00   0.00   0.00  -0.05
  0.36   0.00   0.00   0.00   0.00   0.00   0.00   0.00   0.00   0.00  -0.05
  0.36   0.00   0.00   0.00   0.00   0.00   0.00   0.00   0.00   0.00  -0.05
  0.36   0.00   0.00   0.00   0.00   0.00   0.00   0.00   0.00   0.00  -0.05
  0.37   0.00   0.00   0.00   0.00   0.00   0.00   0.00   0.00   0.00  -0.04
  0.37   0.00   0.00   0.00   0.00   0.00   0.00   0.00   0.00   0.00  -0.04
  0.37   0.00   0.00   0.00   0.00   0.00   0.00   0.00   0.00   0.00  -0.04
  0.37   0.00   0.00   0.00   0.00   0.00   0.00   0.00   0.00   0.00  -0.04
  0.37   0.00   0.00   0.00   0.00   0.00   0.00   0.00   0.00   0.00  -0.03
  0.37   0.00   0.00   0.00   0.00   0.00   0.00   0.00   0.00   0.00  -0.03
  0.37   0.00   0.00   0.00   0.00   0.00   0.00   0.00   0.00   0.00  -0.02
  0.37   0.00   0.00   0.00   0.00   0.00   0.00   0.00   0.00   0.00  -0.02
  0.37   0.00   0.00   0.00   0.00   0.00   0.00   0.00   0.00   0.00  -0.01
  0.38   0.00   0.00   0.00   0.00   0.00   0.00   0.00   0.00   0.00  -0.01
  0.38   0.00   0.00   0.00   0.00   0.00   0.00   0.00   0.00   0.00  -0.00
  0.38   0.00   0.00   0.00   0.00   0.00   0.00   0.00   0.00   0.00   0.00
  0.38   0.00   0.00   0.00   0.00   0.00   0.00   0.00   0.00   0.00   0.01
  0.38   0.00   0.00   0.00   0.00   0.00   0.00   0.00   0.00   0.00   0.01
  0.38   0.00   0.00   0.00   0.00   0.00   0.00   0.00   0.00   0.00   0.01
  0.38   0.00   0.00   0.00   0.00   0.00   0.00   0.00   0.00   0.00   0.02
  0.38   0.00   0.00   0.00   0.00   0.00   0.00   0.00   0.00   0.00   0.02
  0.38   0.00   0.00   0.00   0.00   0.00   0.00   0.00   0.00   0.00   0.03
  0.38   0.00   0.00   0.00   0.00   0.00   0.00   0.00   0.00   0.00   0.03
  0.39   0.00   0.00   0.00   0.00   0.00   0.00   0.00   0.00   0.00   0.04
  0.39   0.00   0.00   0.00   0.00   0.00   0.00   0.00   0.00   0.00   0.04
  0.39   0.00   0.00   0.00   0.00   0.00   0.00   0.00   0.00   0.00   0.04
  0.39   0.00   0.00   0.00   0.00   0.00   0.00   0.00   0.00   0.00   0.04
  0.39   0.00   0.00   0.00   0.00   0.00   0.00   0.00   0.00   0.00   0.05
  0.39   0.00   0.00   0.00   0.00   0.00   0.00   0.00   0.00   0.00   0.05
  0.39   0.00   0.00   0.00   0.00   0.00   0.00   0.00   0.00   0.00   0.05
  0.39   0.00   0.00   0.00   0.00   0.00   0.00   0.00   0.00   0.00   0.05
  0.39   0.00   0.00   0.00   0.00   0.00   0.00   0.00   0.00   0.00   0.05
  0.39   0.00   0.00   0.00   0.00   0.00   0.00   0.00   0.00   0.00   0.05
  0.40   0.00   0.00   0.00   0.00   0.00   0.00   0.00   0.00   0.00   0.05
  0.40   0.00   0.00   0.00   0.00   0.00   0.00   0.00   0.00   0.00   0.05
  0.40   0.00   0.00   0.00   0.00   0.00   0.00   0.00   0.00   0.00   0.05
  0.40   0.00   0.00   0.00   0.00   0.00   0.00   0.00   0.00   0.00   0.04
  0.40   0.00   0.00   0.00   0.00   0.00   0.00   0.00   0.00   0.00   0.04
  0.40   0.00   0.00   0.00   0.00   0.00   0.00   0.00   0.00   0.00   0.04
  0.40   0.00   0.00   0.00   0.00   0.00   0.00   0.00   0.00   0.00   0.03
  0.40   0.00   0.00   0.00   0.00   0.00   0.00   0.00   0.00   0.00   0.03
  0.40   0.00   0.00   0.00   0.00   0.00   0.00   0.00   0.00   0.00   0.03
  0.40   0.00   0.00   0.00   0.00   0.00   0.00   0.00   0.00   0.00   0.02
  0.41   0.00   0.00   0.00   0.00   0.00   0.00   0.00   0.00   0.00   0.02
  0.41   0.00   0.00   0.00   0.00   0.00   0.00   0.00   0.00   0.00   0.01
  0.41   0.00   0.00   0.00   0.00   0.00   0.00   0.00   0.00   0.00   0.01
  0.41   0.00   0.00   0.00   0.00   0.00   0.00   0.00   0.00   0.00   0.00
  0.41   0.00   0.00   0.00   0.00   0.00   0.00   0.00   0.00   0.00  -0.00
  0.41   0.00   0.00   0.00   0.00   0.00   0.00   0.00   0.00   0.00  -0.01
  0.41   0.00   0.00   0.00   0.00   0.00   0.00   0.00   0.00   0.00  -0.01
  0.41   0.00   0.00   0.00   0.00   0.00   0.00   0.00   0.00   0.00  -0.02
  0.41   0.00   0.00   0.00   0.00   0.00   0.00   0.00   0.00   0.00  -0.02
  0.41   0.00   0.00   0.00   0.00   0.00   0.00   0.00   0.00   0.00  -0.03
  0.42   0.00   0.00   0.00   0.00   0.00   0.00   0.00   0.00   0.00  -0.03
  0.42   0.00   0.00   0.00   0.00   0.00   0.00   0.00   0.00   0.00  -0.03
  0.42   0.00   0.00   0.00   0.00   0.00   0.00   0.00   0.00   0.00  -0.04
  0.42   0.00   0.00   0.00   0.00   0.00   0.00   0.00   0.00   0.00  -0.04
  0.42   0.00   0.00   0.00   0.00   0.00   0.00   0.00   0.00   0.00  -0.04
  0.42   0.00   0.00   0.00   0.00   0.00   0.00   0.00   0.00   0.00  -0.05
  0.42   0.00   0.00   0.00   0.00   0.00   0.00   0.00   0.00   0.00  -0.05
  0.42   0.00   0.00   0.00   0.00   0.00   0.00   0.00   0.00   0.00  -0.05
  0.42   0.00   0.00   0.00   0.00   0.00   0.00   0.00   0.00   0.00  -0.05
  0.42   0.00   0.00   0.00   0.00   0.00   0.00   0.00   0.00   0.00  -0.05
  0.42   0.00   0.00   0.00   0.00   0.00   0.00   0.00   0.00   0.00  -0.05
  0.43   0.00   0.00   0.00   0.00   0.00   0.00   0.00   0.00   0.00  -0.05
  0.43   0.00   0.00   0.00   0.00   0.00   0.00   0.00   0.00   0.00  -0.05
  0.43   0.00   0.00   0.00   0.00   0.00   0.00   0.00   0.00   0.00  -0.05
  0.43   0.00   0.00   0.00   0.00   0.00   0.00   0.00   0.00   0.00  -0.04
  0.43   0.00   0.00   0.00   0.00   0.00   0.00   0.00   0.00   0.00  -0.04
  0.43   0.00   0.00   0.00   0.00   0.00   0.00   0.00   0.00   0.00  -0.04
  0.43   0.00   0.00   0.00   0.00   0.00   0.00   0.00   0.00   0.00  -0.04
  0.43   0.00   0.00   0.00   0.00   0.00   0.00   0.00   0.00   0.00  -0.03
  0.43   0.00   0.00   0.00   0.00   0.00   0.00   0.00   0.00   0.00  -0.03
  0.44   0.00   0.00   0.00   0.00   0.00   0.00   0.00   0.00   0.00  -0.02
  0.44   0.00   0.00   0.00   0.00   0.00   0.00   0.00   0.00   0.00  -0.02
  0.44   0.00   0.00   0.00   0.00   0.00   0.00   0.00   0.00   0.00  -0.01
  0.44   0.00   0.00   0.00   0.00   0.00   0.00   0.00   0.00   0.00  -0.01
  0.44   0.00   0.00   0.00   0.00   0.00   0.00   0.00   0.00   0.00  -0.00
  0.44   0.00   0.00   0.00   0.00   0.00   0.00   0.00   0.00   0.00   0.00
  0.44   0.00   0.00   0.00   0.00   0.00   0.00   0.00   0.00   0.00   0.01
  0.44   0.00   0.00   0.00   0.00   0.00   0.00   0.00   0.00   0.00   0.01
  0.44   0.00   0.00   0.00   0.00   0.00   0.00   0.00   0.00   0.00   0.02
  0.44   0.00   0.00   0.00   0.00   0.00   0.00   0.00   0.00   0.00   0.02
  0.45   0.00   0.00   0.00   0.00   0.00   0.00   0.00   0.00   0.00   0.02
  0.45   0.00   0.00   0.00   0.00   0.00   0.00   0.00   0.00   0.00   0.03
  0.45   0.00   0.00   0.00   0.00   0.00   0.00   0.00   0.00   0.00   0.03
  0.45   0.00   0.00   0.00   0.00   0.00   0.00   0.00   0.00   0.00   0.04
  0.45   0.00   0.00   0.00   0.00   0.00   0.00   0.00   0.00   0.00   0.04
  0.45   0.00   0.00   0.00   0.00   0.00   0.00   0.00   0.00   0.00   0.04
  0.45   0.00   0.00   0.00   0.00   0.00   0.00   0.00   0.00   0.00   0.04
  0.45   0.00   0.00   0.00   0.00   0.00   0.00   0.00   0.00   0.00   0.05
  0.45   0.00   0.00   0.00   0.00   0.00   0.00   0.00   0.00   0.00   0.05
  0.45   0.00   0.00   0.00   0.00   0.00   0.00   0.00   0.00   0.00   0.05
  0.46   0.00   0.00   0.00   0.00   0.00   0.00   0.00   0.00   0.00   0.05
  0.46   0.00   0.00   0.00   0.00   0.00   0.00   0.00   0.00   0.00   0.05
  0.46   0.00   0.00   0.00   0.00   0.00   0.00   0.00   0.00   0.00   0.05
  0.46   0.00   0.00   0.00   0.00   0.00   0.00   0.00   0.00   0.00   0.05
  0.46   0.00   0.00   0.00   0.00   0.00   0.00   0.00   0.00   0.00   0.05
  0.46   0.00   0.00   0.00   0.00   0.00   0.00   0.00   0.00   0.00   0.05
  0.46   0.00   0.00   0.00   0.00   0.00   0.00   0.00   0.00   0.00   0.04
  0.46   0.00   0.00   0.00   0.00   0.00   0.00   0.00   0.00   0.00   0.04
  0.46   0.00   0.00   0.00   0.00   0.00   0.00   0.00   0.00   0.00   0.04
  0.46   0.00   0.00   0.00   0.00   0.00   0.00   0.00   0.00   0.00   0.03
  0.47   0.00   0.00   0.00   0.00   0.00   0.00   0.00   0.00   0.00   0.03
  0.47   0.00   0.00   0.00   0.00   0.00   0.00   0.00   0.00   0.00   0.03
  0.47   0.00   0.00   0.00   0.00   0.00   0.00   0.00   0.00   0.00   0.02
  0.47   0.00   0.00   0.00   0.00   0.00   0.00   0.00   0.00   0.00   0.02
  0.47   0.00   0.00   0.00   0.00   0.00   0.00   0.00   0.00   0.00   0.01
  0.47   0.00   0.00   0.00   0.00   0.00   0.00   0.00   0.00   0.00   0.01
  0.47   0.00   0.00   0.00   0.00   0.00   0.00   0.00   0.00   0.00   0.00
  0.47   0.00   0.00   0.00   0.00   0.00   0.00   0.00   0.00   0.00  -0.00
  0.47   0.00   0.00   0.00   0.00   0.00   0.00   0.00   0.00   0.00  -0.01
  0.47   0.00   0.00   0.00   0.00   0.00   0.00   0.00   0.00   0.00  -0.01
  0.48   0.00   0.00   0.00   0.00   0.00   0.00   0.00   0.00   0.00  -0.02
  0.48   0.00   0.00   0.00   0.00   0.00   0.00   0.00   0.00   0.00  -0.02
  0.48   0.00   0.00   0.00   0.00   0.00   0.00   0.00   0.00   0.00  -0.03
  0.48   0.00   0.00   0.00   0.00   0.00   0.00   0.00   0.00   0.00  -0.03
  0.48   0.00   0.00   0.00   0.00   0.00   0.00   0.00   0.00   0.00  -0.04
  0.48   0.00   0.00   0.00   0.00   0.00   0.00   0.00   0.00   0.00  -0.04
  0.48   0.00   0.00   0.00   0.00   0.00   0.00   0.00   0.00   0.00  -0.04
  0.48   0.00   0.00   0.00   0.00   0.00   0.00   0.00   0.00   0.00  -0.04
  0.48   0.00   0.00   0.00   0.00   0.00   0.00   0.00   0.00   0.00  -0.05
  0.48   0.00   0.00   0.00   0.00   0.00   0.00   0.00   0.00   0.00  -0.05
  0.48   0.00   0.00   0.00   0.00   0.00   0.00   0.00   0.00   0.00  -0.05
  0.49   0.00   0.00   0.00   0.00   0.00   0.00   0.00   0.00   0.00  -0.05
  0.49   0.00   0.00   0.00   0.00   0.00   0.00   0.00   0.00   0.00  -0.05
  0.49   0.00   0.00   0.00   0.00   0.00   0.00   0.00   0.00   0.00  -0.05
  0.49   0.00   0.00   0.00   0.00   0.00   0.00   0.00   0.00   0.00  -0.05
  0.49   0.00   0.00   0.00   0.00   0.00   0.00   0.00   0.00   0.00  -0.05
  0.49   0.00   0.00   0.00   0.00   0.00   0.00   0.00   0.00   0.00  -0.05
  0.49   0.00   0.00   0.00   0.00   0.00   0.00   0.00   0.00   0.00  -0.04
  0.49   0.00   0.00   0.00   0.00   0.00   0.00   0.00   0.00   0.00  -0.04
  0.49   0.00   0.00   0.00   0.00   0.00   0.00   0.00   0.00   0.00  -0.04
  0.50   0.00   0.00   0.00   0.00   0.00   0.00   0.00   0.00   0.00  -0.03
  0.50   0.00   0.00   0.00   0.00   0.00   0.00   0.00   0.00   0.00  -0.03
  0.50   0.00   0.00   0.00   0.00   0.00   0.00   0.00   0.00   0.00  -0.03
  0.50   0.00   0.00   0.00   0.00   0.00   0.00   0.00   0.00   0.00  -0.02
  0.50   0.00   0.00   0.00   0.00   0.00   0.00   0.00   0.00   0.00  -0.02
  0.50   0.00   0.00   0.00   0.00   0.00   0.00   0.00   0.00   0.00  -0.01
